A B C D E F G H I J K L
0 23 45 12 67 34 89 56 78 91 43 65
23 0 34 56 78 45 67 89 23 54 76 32
45 34 0 78 23 56 34 67 89 12 54 76
12 56 78 0 45 67 23 34 56 78 91 43
67 78 23 45 0 89 56 78 34 67 23 54
34 45 56 67 89 0 78 23 45 89 56 78
89 67 34 23 56 78 0 45 67 34 78 23
56 89 67 34 78 23 45 0 89 56 34 67
78 23 89 56 34 67 89 45 0 78 23 56
91 54 12 78 67 89 34 56 78 0 45 89
43 76 54 91 23 56 78 34 23 45 0 67
65 32 76 43 54 78 23 67 56 89 67 0