London Paris Berlin Rome Madrid Vienna
0 3.4 9.3 14.4 12.8 12.0
3.4 0 8.8 11.4 10.5 10.4
9.3 8.8 0 11.8 18.7 5.2
14.4 11.4 11.8 0 13.7 7.6
12.8 10.5 18.7 13.7 0 15.2
12.0 10.4 5.2 7.6 15.2 0